46953,4355,4375
45465,1345,1355
45465,1345,1355
46953,4340,4370
46953,4340,4370
45465,1315,1330
46953,4300,4355
46953,4300,4355
45465,1320,1325
45465,1320,1325
46953,4300,4355
46953,4300,4355
46953,4300,4355
46953,4300,4355
45465,1320,1325
45465,1320,1325
46953,4300,4355
46953,4300,4355
45465,1310,1320
45465,1310,1320
46953,4280,4340
45465,1325,1335
45465,1325,1335
46953,4310,4340
46953,4310,4340
46953,4310,4345
46953,4310,4345
45465,1330,1335
45465,1330,1335
46953,4310,4355
46953,4310,4355
46953,4310,4355
46953,4310,4355
45465,1330,1335
45465,1330,1335
46953,4310,4355
46953,4310,4355
45465,1325,1335
45465,1325,1335
46953,4295,4355
46953,4295,4355
45465,1330,1335
45465,1330,1335
45465,1330,1335
45465,1330,1335
46953,4300,4355
46953,4300,4355
45465,1330,1335
45465,1330,1335
46953,4300,4355
46953,4300,4355
45465,1325,1335
46953,4300,4355
46953,4300,4355
45465,1325,1335
45465,1325,1335
45465,1350,1355
45465,1350,1355
46953,4335,4390
46953,4335,4390
45465,1350,1355
46953,4335,4385
46953,4335,4385
45465,1340,1355
45465,1340,1355
46953,4335,4385
46953,4335,4385
45465,1340,1350
45465,1340,1350
46953,4335,4385
45465,1340,1350
46953,4335,4375
46953,4335,4375
46953,4335,4370
46953,4335,4370
45465,1340,1345
45465,1340,1345
46953,4335,4385
46953,4335,4385
45465,1340,1345
45465,1340,1345
46953,4335,4370
46953,4335,4370
45465,1340,1345
45465,1340,1345
46953,4335,4370
46953,4335,4370
45465,1340,1345
45465,1340,1345
46953,4335,4370
46953,4335,4370
45465,1335,1345
45465,1335,1345
45465,1335,1345
45465,1335,1345
46953,4335,4370
46953,4335,4370
45465,1335,1340
45465,1335,1340
46953,4335,4350
46953,4335,4350
45465,1330,1340
45465,1330,1340
46953,4335,4350
46953,4335,4350
45465,1330,1340
45465,1330,1340
46953,4335,4360
46953,4335,4360
45465,1330,1340
45465,1330,1340
46953,4335,4360
46953,4335,4360
45465,1320,1330
45465,1320,1330
46953,4285,4340
46953,4285,4340
45465,1320,1330
45465,1320,1330
46953,4285,4340
46953,4285,4340
46953,4285,4340
45465,1320,1330
45465,1320,1330
46953,4285,4340
46953,4285,4340
45465,1320,1330
45465,1320,1330
46953,4285,4340
46953,4285,4340
46953,4285,4340
46953,4285,4340
45465,1320,1330
45465,1320,1330
46953,4285,4340
46953,4285,4340
45465,1320,1330
45465,1320,1330
45465,1325,1330
45465,1325,1330
46953,4285,4340
46953,4285,4340
45465,1335,1340
45465,1335,1340
46953,4285,4340
46953,4285,4340
45465,1330,1340
45465,1330,1340
46953,4285,4340
46953,4285,4340
45465,1330,1340
45465,1330,1340
46953,4285,4340
46953,4285,4340
45465,1330,1340
45465,1330,1340
46953,4285,4340
46953,4285,4340
45465,1335,1340
45465,1335,1340
46953,4305,4340
46953,4305,4340
45465,1335,1340
45465,1335,1340
46953,4315,4340
46953,4315,4340
45465,1340,1350
45465,1340,1350
46953,4330,4390
46953,4330,4390
45465,1340,1355
46953,4345,4395
46953,4345,4395
46953,4345,4395
46953,4345,4395
45465,1335,1345
46953,4345,4395
46953,4345,4395
45465,1330,1340
45465,1330,1340
46953,4330,4395
46953,4330,4395
45465,1330,1340
45465,1330,1340
45465,1330,1340
45465,1330,1340
46953,4330,4370
46953,4330,4370
45465,1330,1340
45465,1330,1340
46953,4330,4370
46953,4330,4370
45465,1330,1335
45465,1330,1335
46953,4325,4370
46953,4325,4370
45465,1330,1335
45465,1330,1335
46953,4315,4370
46953,4315,4370
46953,4320,4370
45465,1330,1335
45465,1330,1335
46953,4330,4370
46953,4330,4370
45465,1330,1335
45465,1330,1335
46953,4325,4370
46953,4325,4370
45465,1330,1335
45465,1330,1335
46953,4325,4370
45465,1325,1335
45465,1325,1335
46953,4310,4370
46953,4310,4370
45465,1320,1330
45465,1320,1330
46953,4325,4350
46953,4325,4350
45465,1325,1335
45465,1325,1335
46953,4325,4350
46953,4325,4350
45465,1325,1335
45465,1325,1335
45465,1325,1340
45465,1325,1340
46953,4325,4350
46953,4325,4350
45465,1330,1335
46953,4325,4350
46953,4325,4350
45465,1330,1335
45465,1330,1335
46953,4325,4350
46953,4325,4350
45465,1330,1335
45465,1330,1335
46953,4340,4360
46953,4340,4360
45465,1330,1340
45465,1330,1340
46953,4340,4360
46953,4340,4360
45465,1330,1340
46953,4345,4375
46953,4345,4375
46953,4340,4375
46953,4340,4375
45465,1330,1340
45465,1330,1340
46953,4345,4390
46953,4345,4390
45465,1330,1340
45465,1330,1340
46953,4340,4385
46953,4340,4385
45465,1330,1340
45465,1330,1340
46953,4340,4385
46953,4340,4385
45465,1335,1340
45465,1335,1340
45465,1335,1350
45465,1335,1350
45465,1335,1350
46953,4355,4400
46953,4355,4400
45465,1330,1340
45465,1330,1340
46953,4355,4400
46953,4355,4400
45465,1330,1340
45465,1330,1340
46953,4355,4400
46953,4355,4400
45465,1330,1340
45465,1330,1340
46953,4360,4395
46953,4360,4395
45465,1330,1340
45465,1330,1340
46953,4360,4400
46953,4360,4400
45465,1330,1340
45465,1330,1340
46953,4360,4400
46953,4360,4400
45465,1330,1335
46953,4360,4390
46953,4360,4390
46953,4360,4405
46953,4360,4405
45465,1330,1335
46953,4360,4400
46953,4360,4400
45465,1325,1330
45465,1325,1330
46953,4360,4400
46953,4360,4400
45465,1320,1330
45465,1320,1330
45465,1320,1330
46953,4360,4400
45465,1320,1330
46953,4360,4400
45465,1315,1330
45465,1315,1330
46953,4355,4390
46953,4355,4390
45465,1315,1330
45465,1315,1330
46953,4355,4385
46953,4355,4385
45465,1315,1330
45465,1315,1330
46953,4355,4375
46953,4355,4375
45465,1310,1320
46953,4340,4375
46953,4340,4375
45465,1310,1320
46953,4340,4370
46953,4340,4370
45465,1310,1325
46953,4345,4370
46953,4345,4370
46953,4345,4375
45465,1310,1325
45465,1310,1325
46953,4350,4375
46953,4350,4375
45465,1320,1325
45465,1320,1325
46953,4350,4375
45465,1320,1330
45465,1320,1330
46953,4360,4395
46953,4360,4395
45465,1320,1330
45465,1320,1330
45465,1320,1330
45465,1320,1330
46953,4360,4395
46953,4360,4395
45465,1320,1330
45465,1320,1330
46953,4360,4395
46953,4360,4395
45465,1320,1330
45465,1320,1330
46953,4355,4385
46953,4355,4385
45465,1320,1330
45465,1320,1330
46953,4355,4385
46953,4355,4385
45465,1320,1330
45465,1320,1330
46953,4355,4385
46953,4355,4385
45465,1325,1335
45465,1325,1335
46953,4355,4385
46953,4355,4385
45465,1325,1335
45465,1325,1335
46953,4360,4385
46953,4360,4385
45465,1325,1335
45465,1325,1335
46953,4360,4395
46953,4360,4395
45465,1325,1335
45465,1325,1335
46953,4360,4395
46953,4360,4395
45465,1320,1335
45465,1320,1335
46953,4360,4385
46953,4360,4385
46953,4360,4385
46953,4360,4385
45465,1325,1330
45465,1325,1330
46953,4355,4390
46953,4355,4390
45465,1325,1330
45465,1325,1330
46953,4360,4390
46953,4360,4390
45465,1320,1330
45465,1320,1330
46953,4360,4390
46953,4360,4390
45465,1320,1330
45465,1320,1330
46953,4370,4390
46953,4370,4390
45465,1320,1330
45465,1320,1330
46953,4375,4390
46953,4375,4390
45465,1320,1325
45465,1320,1325
46953,4370,4390
46953,4370,4390
45465,1320,1325
45465,1320,1325
46953,4370,4385
46953,4370,4385
46953,4370,4395
46953,4370,4395
45465,1320,1325
45465,1320,1325
46953,4375,4400
45465,1320,1330
45465,1320,1330
45465,1320,1330
45465,1320,1330
46953,4380,4410
45465,1325,1340
45465,1325,1340
46953,4380,4410
45465,1325,1340
45465,1325,1340
46953,4380,4410
46953,4380,4410
45465,1325,1340
45465,1325,1340
46953,4375,4410
46953,4375,4410
45465,1315,1330
45465,1315,1330
46953,4375,4400
46953,4375,4400
45465,1315,1325
46953,4370,4390
46953,4370,4390
45465,1310,1320
45465,1310,1320
46953,4370,4380
46953,4370,4380
45465,1310,1320
46953,4370,4390
46953,4370,4400
46953,4370,4400
45465,1310,1325
45465,1310,1325
46953,4355,4390
46953,4355,4390
45465,1310,1315
45465,1310,1315
46953,4355,4380
46953,4355,4380
45465,1310,1315
45465,1310,1315
46953,4340,4375
46953,4340,4375
45465,1310,1315
45465,1310,1315
46953,4340,4365
46953,4340,4365
45465,1310,1315
45465,1310,1315
46953,4340,4370
46953,4340,4370
45465,1310,1315
45465,1310,1315
46953,4350,4375
45465,1310,1325
45465,1310,1325
45465,1315,1325
45465,1315,1325
46953,4345,4375
45465,1315,1325
45465,1315,1325
46953,4355,4395
45465,1315,1325
45465,1315,1325
46953,4355,4390
46953,4355,4390
45465,1320,1325
45465,1320,1325
46953,4360,4385
46953,4360,4385
45465,1320,1330
46953,4360,4400
45465,1320,1330
46953,4360,4400
45465,1320,1330
45465,1320,1330
46953,4360,4400
46953,4360,4400
45465,1320,1330
45465,1320,1330
46953,4375,4400
46953,4375,4400
46953,4375,4400
46953,4375,4400
45465,1325,1330
45465,1325,1330
46953,4375,4410
46953,4375,4410
45465,1325,1335
45465,1325,1335
46953,4380,4410
46953,4380,4410
45465,1325,1335
45465,1325,1335
45465,1325,1335
45465,1325,1335
46953,4375,4395
46953,4375,4395
45465,1320,1330
45465,1320,1330
46953,4375,4395
46953,4375,4395
45465,1320,1330
45465,1320,1330
46953,4360,4400
46953,4360,4400
45465,1320,1325
45465,1320,1325
46953,4355,4395
46953,4355,4395
45465,1320,1325
45465,1320,1325
46953,4355,4405
46953,4355,4405
46953,4355,4395
46953,4355,4395
45465,1320,1330
45465,1320,1330
46953,4360,4395
46953,4360,4395
45465,1320,1330
46953,4360,4395
45465,1325,1330
45465,1325,1330
46953,4360,4395
46953,4360,4395
45465,1320,1330
45465,1320,1330
45465,1320,1330
45465,1320,1330
46953,4360,4395
46953,4360,4395
45465,1320,1330
45465,1320,1330
46953,4360,4395
46953,4360,4395
45465,1320,1330
45465,1320,1330
46953,4360,4395
46953,4360,4395
45465,1320,1330
46953,4360,4405
45465,1320,1330
46953,4360,4405
45465,1320,1335
45465,1320,1335
46953,4360,4405
46953,4360,4405
45465,1315,1325
45465,1315,1325
46953,4375,4400
46953,4375,4400
45465,1315,1325
45465,1315,1325
46953,4360,4400
46953,4360,4400
45465,1315,1325
46953,4355,4395
46953,4355,4395
46953,4360,4395
46953,4360,4395
45465,1315,1325
45465,1315,1325
46953,4360,4395
46953,4360,4395
45465,1315,1320
45465,1315,1320
46953,4355,4390
45465,1310,1320
45465,1310,1320
46953,4355,4390
46953,4355,4390
45465,1310,1315
45465,1310,1315
45465,1310,1315
45465,1310,1315
46953,4325,4360
46953,4325,4360
45465,1310,1320
45465,1310,1320
46953,4305,4345
46953,4305,4345
46953,4305,4340
45465,1305,1315
45465,1305,1315
46953,4305,4345
46953,4305,4345
45465,1305,1315
45465,1305,1315
46953,4305,4345
46953,4305,4345
45465,1305,1315
45465,1305,1315
46953,4305,4340
46953,4305,4340
45465,1305,1315
45465,1305,1315
46953,4305,4340
46953,4305,4340
45465,1310,1315
45465,1310,1315
46953,4325,4340
46953,4325,4340
45465,1310,1315
45465,1310,1315
46953,4305,4340
46953,4305,4340
45465,1310,1325
45465,1310,1325
45465,1310,1325
45465,1310,1325
46953,4305,4340
46953,4305,4340
45465,1310,1325
45465,1310,1325
46953,4305,4340
46953,4305,4340
45465,1310,1325
45465,1310,1325
46953,4305,4340
46953,4305,4340
45465,1310,1320
45465,1310,1320
46953,4305,4340
46953,4305,4340
45465,1310,1320
45465,1310,1320
46953,4325,4340
46953,4325,4340
45465,1310,1320
45465,1310,1320
46953,4325,4340
46953,4325,4340
45465,1310,1320
45465,1310,1320
45465,1305,1320
45465,1305,1320
46953,4305,4340
46953,4305,4340
46953,4305,4340
46953,4305,4340
45465,1310,1320
45465,1310,1320
46953,4305,4340
46953,4305,4340
45465,1305,1320
45465,1305,1320
46953,4305,4340
46953,4305,4340
45465,1305,1320
45465,1305,1320
46953,4295,4340
46953,4295,4340
45465,1305,1320
45465,1305,1320
46953,4300,4340
46953,4300,4340
45465,1305,1320
45465,1305,1320
46953,4325,4340
46953,4325,4340
45465,1315,1320
45465,1315,1320
46953,4300,4340
46953,4300,4340
45465,1310,1320
45465,1310,1320
45465,1310,1320
45465,1310,1320
46953,4300,4340
46953,4300,4340
45465,1310,1325
45465,1310,1325
46953,4300,4340
46953,4300,4340
45465,1310,1325
45465,1310,1325
45465,1310,1325
45465,1310,1325
46953,4300,4340
46953,4300,4340
45465,1310,1325
45465,1310,1325
46953,4295,4340
46953,4295,4340
45465,1310,1325
45465,1310,1325
46953,4300,4340
46953,4300,4340
45465,1310,1325
45465,1310,1325
46953,4300,4340
46953,4300,4340
45465,1310,1325
45465,1310,1325
46953,4300,4340
46953,4300,4340
45465,1320,1325
45465,1320,1325
46953,4310,4345
46953,4310,4345
46953,4310,4340
46953,4310,4340
45465,1320,1325
45465,1320,1325
46953,4310,4340
46953,4310,4340
45465,1320,1325
45465,1320,1325
46953,4315,4345
46953,4315,4345
45465,1325,1335
45465,1325,1335
46953,4315,4355
46953,4315,4355
45465,1325,1335
45465,1325,1335
45465,1325,1335
45465,1325,1335
46953,4315,4355
46953,4315,4355
46953,4315,4355
46953,4315,4355
45465,1325,1335
45465,1325,1335
45465,1325,1335
45465,1325,1335
46953,4315,4355
46953,4315,4355
45465,1325,1335
45465,1325,1335
46953,4315,4355
46953,4315,4355
46953,4315,4355
46953,4315,4355
45465,1325,1335
45465,1325,1335
46953,4315,4355
46953,4315,4355
45465,1315,1330
45465,1315,1330
46953,4315,4355
46953,4315,4355
45465,1320,1330
45465,1320,1330
46953,4315,4345
46953,4315,4345
45465,1325,1335
45465,1325,1335
45465,1325,1335
45465,1325,1335
46953,4315,4345
46953,4315,4345
45465,1325,1335
45465,1325,1335
46953,4315,4345
46953,4315,4345
45465,1325,1335
45465,1325,1335
46953,4315,4345
45465,1325,1330
45465,1325,1330
46953,4315,4340
46953,4315,4340
45465,1315,1325
45465,1315,1325
46953,4280,4340
46953,4280,4340
45465,1320,1335
45465,1320,1335
46953,4305,4340
46953,4305,4340
45465,1320,1335
45465,1320,1335
46953,4290,4340
46953,4290,4340
45465,1320,1335
45465,1320,1335
46953,4305,4340
46953,4305,4340
46953,4305,4340
45465,1325,1335
45465,1325,1335
46953,4310,4340
46953,4310,4340
45465,1325,1335
45465,1325,1335
46953,4310,4345
46953,4310,4345
45465,1325,1335
45465,1325,1335
46953,4310,4345
46953,4310,4345
45465,1320,1335
45465,1320,1335
46953,4310,4345
46953,4310,4345
45465,1320,1335
45465,1320,1335
45465,1320,1335
46953,4310,4345
46953,4310,4345
45465,1320,1330
45465,1320,1330
46953,4305,4340
46953,4305,4340
46953,4305,4340
46953,4305,4340
45465,1320,1335
46953,4305,4340
46953,4305,4340
45465,1320,1330
45465,1320,1330
46953,4305,4340
46953,4305,4340
45465,1325,1330
45465,1325,1330
46953,4305,4340
45465,1325,1330
45465,1325,1330
45465,1325,1330
45465,1325,1330
46953,4305,4345
46953,4305,4345
45465,1325,1330
45465,1325,1330
46953,4305,4340
46953,4305,4340
45465,1315,1325
45465,1315,1325
46953,4295,4340
46953,4295,4340
45465,1315,1325
45465,1315,1325
46953,4295,4340
46953,4295,4340
45465,1315,1325
45465,1315,1325
46953,4290,4340
46953,4290,4340
45465,1315,1325
46953,4295,4340
46953,4295,4340
45465,1315,1325
45465,1315,1325
46953,4295,4340
46953,4295,4340
46953,4290,4340
46953,4290,4340
45465,1310,1315
45465,1310,1315
46953,4280,4325
46953,4280,4325
45465,1305,1320
45465,1305,1320
46953,4280,4325
46953,4280,4325
45465,1310,1320
45465,1310,1320
45465,1315,1330
45465,1315,1330
46953,4285,4325
45465,1310,1330
46953,4285,4325
46953,4285,4325
45465,1310,1330
45465,1310,1330
46953,4285,4325
46953,4285,4325
46953,4285,4320
46953,4285,4320
45465,1310,1325
45465,1310,1325
46953,4285,4320
46953,4285,4320
45465,1315,1325
45465,1315,1325
46953,4285,4320
46953,4285,4320
45465,1315,1325
45465,1315,1325
46953,4285,4320
46953,4285,4320
45465,1310,1320
45465,1310,1320
46953,4280,4320
46953,4280,4320
45465,1310,1315
45465,1310,1315
46953,4270,4320
45465,1310,1315
45465,1310,1315
45465,1310,1315
46953,4280,4325
46953,4280,4325
45465,1310,1315
46953,4280,4325
45465,1310,1315
46953,4280,4325
45465,1310,1315
45465,1310,1315
46953,4265,4320
46953,4265,4320
45465,1305,1315
45465,1305,1315
46953,4265,4320
46953,4265,4320
45465,1300,1310
46953,4250,4295
46953,4250,4295
45465,1300,1310
45465,1300,1310
46953,4250,4295
46953,4250,4295
45465,1305,1310
45465,1305,1310
46953,4250,4295
46953,4250,4295
45465,1305,1310
46953,4255,4295
46953,4255,4295
46953,4255,4295
46953,4255,4295
45465,1305,1310
45465,1305,1310
46953,4255,4295
46953,4255,4295
45465,1285,1300
45465,1285,1300
46953,4250,4295
46953,4250,4295
45465,1290,1300
45465,1290,1300
45465,1290,1300
45465,1290,1300
46953,4250,4295
46953,4250,4295
45465,1290,1300
45465,1290,1300
46953,4250,4295
46953,4250,4295
45465,1285,1295
45465,1285,1295
46953,4250,4285
46953,4250,4285
45465,1290,1295
45465,1290,1295
46953,4250,4285
46953,4250,4285
45465,1285,1295
45465,1285,1295
46953,4250,4285
46953,4250,4285
45465,1285,1290
45465,1285,1290
46953,4250,4285
46953,4250,4285
45465,1290,1300
45465,1290,1300
46953,4250,4285
46953,4250,4285
46953,4250,4285
46953,4250,4285
45465,1290,1300
45465,1290,1300
46953,4250,4285
46953,4250,4285
45465,1290,1300
45465,1290,1300
46953,4250,4285
46953,4250,4285
45465,1295,1300
45465,1295,1300
46953,4250,4285
46953,4250,4285
45465,1295,1300
45465,1295,1300
46953,4250,4285
46953,4250,4285
45465,1295,1300
45465,1295,1300
46953,4240,4285
46953,4240,4285
45465,1295,1300
45465,1295,1300
46953,4240,4285
46953,4240,4285
45465,1295,1300
45465,1295,1300
46953,4245,4285
46953,4245,4285
45465,1290,1295
45465,1290,1295
46953,4245,4285
46953,4245,4285
45465,1285,1290
45465,1285,1290
45465,1285,1290
45465,1285,1290
46953,4245,4285
46953,4245,4285
46953,4245,4285
45465,1285,1290
45465,1285,1290
45465,1285,1290
45465,1285,1290
45465,1285,1290
45465,1285,1290
46953,4245,4285
46953,4245,4285
45465,1285,1290
45465,1285,1290
46953,4245,4285
46953,4245,4285
45465,1285,1290
45465,1285,1290
46953,4245,4280
46953,4245,4280
45465,1280,1290
45465,1280,1290
46953,4245,4280
46953,4245,4280
45465,1280,1290
46953,4245,4280
45465,1285,1290
45465,1285,1290
46953,4245,4280
46953,4245,4280
45465,1285,1290
45465,1285,1290
46953,4245,4280
46953,4245,4280
45465,1290,1300
45465,1290,1300
46953,4245,4280
46953,4245,4280
45465,1290,1310
45465,1290,1310
46953,4280,4320
45465,1300,1310
46953,4280,4320
46953,4280,4320
45465,1300,1310
45465,1300,1310
46953,4280,4325
46953,4280,4325
46953,4280,4320
46953,4280,4320
45465,1300,1310
45465,1300,1310
46953,4280,4320
46953,4280,4320
45465,1300,1310
46953,4280,4320
46953,4280,4320
45465,1300,1305
45465,1300,1305
46953,4280,4320
46953,4280,4320
45465,1300,1305
45465,1300,1305
46953,4280,4320
46953,4280,4320
45465,1300,1305
45465,1300,1305
46953,4280,4320
46953,4280,4320
45465,1300,1305
45465,1300,1305
46953,4280,4320
46953,4280,4320
45465,1300,1305
45465,1300,1305
46953,4280,4320
46953,4280,4320
45465,1305,1310
45465,1305,1310
46953,4300,4325
46953,4300,4325
45465,1305,1315
45465,1305,1315
46953,4300,4340
46953,4300,4340
45465,1305,1310
45465,1305,1310
46953,4300,4340
46953,4300,4340
45465,1305,1310
45465,1305,1310
46953,4300,4340
46953,4300,4340
45465,1305,1310
45465,1305,1310
45465,1305,1315
45465,1305,1315
46953,4300,4340
46953,4300,4340
45465,1305,1315
45465,1305,1315
46953,4300,4340
46953,4300,4340
45465,1300,1305
45465,1300,1305
46953,4300,4340
46953,4300,4340
45465,1300,1315
45465,1300,1315
46953,4310,4350
46953,4310,4350
45465,1305,1315
45465,1305,1315
46953,4310,4355
46953,4310,4355
45465,1305,1315
45465,1305,1315
46953,4310,4355
46953,4310,4355
45465,1305,1315
45465,1305,1315
46953,4310,4345
46953,4310,4345
45465,1305,1315
45465,1305,1315
46953,4310,4345
46953,4310,4345
46953,4310,4345
46953,4310,4345
45465,1305,1315
45465,1305,1315
46953,4310,4345
46953,4310,4345
45465,1290,1300
45465,1290,1300
45465,1285,1300
45465,1285,1300
46953,4295,4325
46953,4295,4325
45465,1290,1300
45465,1290,1300
46953,4295,4325
46953,4295,4325
45465,1295,1305
45465,1295,1305
45465,1290,1305
45465,1290,1305
46953,4295,4325
45465,1290,1305
45465,1290,1305
46953,4300,4325
46953,4300,4325
46953,4300,4325
45465,1290,1305
45465,1290,1305
45465,1290,1305
45465,1290,1305
46953,4300,4325
46953,4300,4325
45465,1290,1300
45465,1290,1300
46953,4300,4325
45465,1290,1300
45465,1290,1300
46953,4305,4340
45465,1300,1310
45465,1300,1310
46953,4305,4340
45465,1300,1310
45465,1300,1310
45465,1300,1310
45465,1300,1310
46953,4305,4340
46953,4305,4340
46953,4305,4340
46953,4305,4340
45465,1300,1310
45465,1300,1310
45465,1300,1310
46953,4305,4340
46953,4305,4340
45465,1300,1310
45465,1300,1310
46953,4300,4340
46953,4300,4340
45465,1300,1305
45465,1300,1305
46953,4300,4340
45465,1300,1305
45465,1300,1305
46953,4300,4340
46953,4300,4340
45465,1300,1305
45465,1300,1305
46953,4300,4325
46953,4300,4325
45465,1315,1325
45465,1315,1325
46953,4300,4330
45465,1315,1325
46953,4320,4360
46953,4320,4360
45465,1320,1330
45465,1320,1330
46953,4320,4360
46953,4320,4360
45465,1325,1330
45465,1325,1330
46953,4320,4360
46953,4320,4360
45465,1325,1330
45465,1325,1330
46953,4320,4355
46953,4320,4355
45465,1325,1330
45465,1325,1330
46953,4320,4355
45465,1325,1330
46953,4320,4355
46953,4320,4355
45465,1325,1330
45465,1325,1330
46953,4320,4360
46953,4320,4360
45465,1325,1330
45465,1325,1330
46953,4320,4360
46953,4320,4360
45465,1325,1330
45465,1325,1330
46953,4320,4360
46953,4320,4360
45465,1325,1330
45465,1325,1330
46953,4320,4360
45465,1325,1330
45465,1325,1330
46953,4320,4360
46953,4320,4360
46953,4320,4360
45465,1325,1335
45465,1325,1335
46953,4320,4360
46953,4320,4360
45465,1325,1335
45465,1325,1335
45465,1325,1335
45465,1325,1335
45465,1325,1335
45465,1325,1335
45465,1325,1330
45465,1325,1330
45465,1325,1330
46953,4320,4360
46953,4320,4360
45465,1330,1340
45465,1330,1340
46953,4320,4360
46953,4320,4360
45465,1330,1340
45465,1330,1340
46953,4320,4360
46953,4320,4360
46953,4320,4360
46953,4320,4360
45465,1330,1340
45465,1330,1340
46953,4320,4360
46953,4320,4360
45465,1330,1340
45465,1330,1340
45465,1330,1340
45465,1330,1340
46953,4320,4360
46953,4320,4360
45465,1330,1340
45465,1330,1340
45465,1330,1340
45465,1330,1340
46953,4320,4350
46953,4320,4350
46953,4320,4350
45465,1330,1335
45465,1330,1335
46953,4320,4345
45465,1330,1335
45465,1330,1335
46953,4320,4345
46953,4320,4345
45465,1330,1335
45465,1330,1335
46953,4330,4360
45465,1330,1340
45465,1330,1340
46953,4330,4360
46953,4330,4360
45465,1330,1340
46953,4330,4360
46953,4330,4360
45465,1330,1340
45465,1330,1340
45465,1330,1340
45465,1330,1340
46953,4330,4365
46953,4330,4365
45465,1335,1350
45465,1335,1350
46953,4340,4380
46953,4340,4380
45465,1340,1350
45465,1340,1350
46953,4340,4380
46953,4340,4380
45465,1340,1350
45465,1340,1350
46953,4340,4380
46953,4340,4380
45465,1350,1360
45465,1350,1360
46953,4340,4395
45465,1360,1370
45465,1360,1370
46953,4380,4425
46953,4380,4425
46953,4380,4425
45465,1360,1370
45465,1360,1370
46953,4380,4420
45465,1360,1370
45465,1360,1370
46953,4380,4420
45465,1360,1370
45465,1360,1370
46953,4380,4420
46953,4380,4420
45465,1360,1370
45465,1360,1370
46953,4380,4430
46953,4380,4430
45465,1365,1375
45465,1365,1375
46953,4395,4435
46953,4395,4435
45465,1365,1375
45465,1365,1375
46953,4395,4435
45465,1365,1375
45465,1365,1375
46953,4395,4435
46953,4395,4435
45465,1365,1375
46953,4395,4435
46953,4395,4435
45465,1370,1380
45465,1370,1380
45465,1370,1380
46953,4395,4445
45465,1370,1380
46953,4395,4445
45465,1365,1375
46953,4395,4425
46953,4395,4425
45465,1365,1375
45465,1365,1375
46953,4395,4425
46953,4395,4425
45465,1370,1375
45465,1370,1375
46953,4395,4440
46953,4395,4440
45465,1370,1375
45465,1370,1375
46953,4395,4440
46953,4395,4440
45465,1370,1380
45465,1370,1380
46953,4395,4440
46953,4395,4440
45465,1370,1375
45465,1370,1375
46953,4410,4445
46953,4410,4445
46953,4400,4445
46953,4400,4445
45465,1370,1375
45465,1370,1375
46953,4400,4445
46953,4400,4445
45465,1370,1380
45465,1370,1380
46953,4395,4420
45465,1350,1360
45465,1350,1360
46953,4365,4395
46953,4365,4395
45465,1350,1360
45465,1350,1360
45465,1350,1360
45465,1350,1360
46953,4365,4395
46953,4365,4395
45465,1350,1365
45465,1350,1365
46953,4370,4395
46953,4370,4395
45465,1350,1360
45465,1350,1360
46953,4365,4395
45465,1355,1365
45465,1355,1365
46953,4370,4395
46953,4370,4395
46953,4370,4400
46953,4370,4400
45465,1355,1365
45465,1355,1365
46953,4370,4395
46953,4370,4395
45465,1355,1365
45465,1355,1365
46953,4385,4415
46953,4385,4415
45465,1360,1365
45465,1360,1365
46953,4385,4415
46953,4385,4415
45465,1365,1375
45465,1365,1375
45465,1365,1375
45465,1365,1375
46953,4390,4420
46953,4390,4420
46953,4390,4420
45465,1365,1375
46953,4390,4420
45465,1365,1375
45465,1365,1375
46953,4405,4440
46953,4405,4440
45465,1370,1380
45465,1370,1380
46953,4405,4440
46953,4405,4440
45465,1370,1380
45465,1370,1380
46953,4415,4440
46953,4415,4440
45465,1370,1380
45465,1370,1380
46953,4415,4440
45465,1370,1380
45465,1370,1380
46953,4430,4455
46953,4430,4455
45465,1370,1385
45465,1370,1385
46953,4420,4450
46953,4420,4450
45465,1370,1380
45465,1370,1380
46953,4430,4455
46953,4430,4455
46953,4425,4455
46953,4425,4455
45465,1370,1380
46953,4430,4455
46953,4430,4455
45465,1365,1380
45465,1365,1380
46953,4415,4450
45465,1365,1380
45465,1365,1380
46953,4410,4440
46953,4410,4440
45465,1355,1370
45465,1355,1370
45465,1355,1365
46953,4410,4430
46953,4410,4430
45465,1360,1365
45465,1360,1365
46953,4405,4430
45465,1360,1365
45465,1360,1365
46953,4415,4435
46953,4415,4435
45465,1360,1370
45465,1360,1370
46953,4410,4445
46953,4410,4445
45465,1360,1370
45465,1360,1370
46953,4410,4435
46953,4410,4435
45465,1360,1375
45465,1360,1375
46953,4410,4435
46953,4410,4435
45465,1360,1375
45465,1360,1375
46953,4410,4435
46953,4410,4435
45465,1360,1375
45465,1360,1375
46953,4410,4445
46953,4410,4445
46953,4410,4445
46953,4410,4445
46953,4410,4445
46953,4410,4445
45465,1360,1375
45465,1360,1375
46953,4410,4445
46953,4410,4445
45465,1365,1375
45465,1365,1375
46953,4410,4445
46953,4410,4445
45465,1365,1375
46953,4410,4445
46953,4410,4445
45465,1365,1375
45465,1365,1375
46953,4410,4445
46953,4410,4445
45465,1365,1375
45465,1365,1375
45465,1365,1375
45465,1365,1375
46953,4410,4445
46953,4410,4445
45465,1365,1375
45465,1365,1375
46953,4410,4445
46953,4410,4445
45465,1360,1375
45465,1360,1375
46953,4410,4445
46953,4410,4445
45465,1355,1370
45465,1355,1370
46953,4375,4415
46953,4375,4415
46953,4375,4405
45465,1350,1360
45465,1350,1360
46953,4375,4400
45465,1350,1360
45465,1350,1360
46953,4375,4400
45465,1355,1365
45465,1355,1365
46953,4375,4410
46953,4375,4410
45465,1355,1365
45465,1355,1365
45465,1355,1365
45465,1355,1365
46953,4375,4415
46953,4375,4415
45465,1355,1365
45465,1355,1365
46953,4375,4415
45465,1360,1365
45465,1360,1365
46953,4375,4415
46953,4375,4415
45465,1360,1365
45465,1360,1365
46953,4375,4415
46953,4375,4415
45465,1365,1375
45465,1365,1375
46953,4375,4415
46953,4375,4415
45465,1370,1375
45465,1370,1375
46953,4375,4430
46953,4375,4430
45465,1370,1380
45465,1370,1380
46953,4395,4445
46953,4395,4445
46953,4395,4445
46953,4395,4445
45465,1375,1380
46953,4395,4445
46953,4395,4445
45465,1375,1380
45465,1375,1380
45465,1375,1380
45465,1375,1380
46953,4395,4445
46953,4395,4445
45465,1365,1375
45465,1365,1375
46953,4395,4445
46953,4395,4445
45465,1365,1375
45465,1365,1375
46953,4395,4440
45465,1365,1375
45465,1365,1375
45465,1365,1375
45465,1365,1375
45465,1365,1375
45465,1365,1375
46953,4395,4440
46953,4395,4440
45465,1360,1375
45465,1360,1375
46953,4395,4440
46953,4395,4440
45465,1365,1375
46953,4395,4440
46953,4395,4440
45465,1365,1375
45465,1365,1375
46953,4390,4440
46953,4390,4440
46953,4390,4430
46953,4390,4430
45465,1360,1365
46953,4375,4410
45465,1350,1360
46953,4375,4405
46953,4375,4405
45465,1355,1365
45465,1355,1365
45465,1355,1365
45465,1355,1365
46953,4375,4410
46953,4375,4410
45465,1355,1365
45465,1355,1365
46953,4375,4410
46953,4375,4410
45465,1355,1365
45465,1355,1365
46953,4375,4410
46953,4375,4410
45465,1365,1375
45465,1365,1375
46953,4395,4435
46953,4395,4435
45465,1360,1375
46953,4390,4415
46953,4390,4415
45465,1360,1370
45465,1360,1370
46953,4390,4420
45465,1360,1370
45465,1360,1370
46953,4390,4415
46953,4390,4415
45465,1360,1365
45465,1360,1365
46953,4390,4415
45465,1360,1365
45465,1360,1365
46953,4390,4415
46953,4390,4415
45465,1360,1370
46953,4390,4415
45465,1360,1370
46953,4390,4415
45465,1360,1370
45465,1360,1370
46953,4390,4415
46953,4390,4415
45465,1360,1370
46953,4390,4415
46953,4390,4415
45465,1365,1370
45465,1365,1370
46953,4390,4415
46953,4390,4415
45465,1365,1375
45465,1365,1375
46953,4390,4415
46953,4390,4415
45465,1365,1370
45465,1365,1370
46953,4390,4415
46953,4390,4415
45465,1365,1375
45465,1365,1375
46953,4390,4415
46953,4390,4415
45465,1365,1375
45465,1365,1375
46953,4390,4415
45465,1360,1375
45465,1360,1375
46953,4390,4415
46953,4390,4415
45465,1360,1375
45465,1360,1375
46953,4390,4415
46953,4390,4415
45465,1365,1375
45465,1365,1375
46953,4390,4415
46953,4390,4415
45465,1365,1370
45465,1365,1370
46953,4390,4415
46953,4390,4415
46953,4390,4415
46953,4390,4415
45465,1360,1375
45465,1360,1375
46953,4390,4415
46953,4390,4415
45465,1360,1375
45465,1360,1375
46953,4395,4425
45465,1365,1375
45465,1365,1375
45465,1365,1375
46953,4390,4430
45465,1365,1375
46953,4390,4430
45465,1365,1375
45465,1365,1375
46953,4390,4430
46953,4390,4430
45465,1365,1375
45465,1365,1375
46953,4390,4420
46953,4390,4420
45465,1365,1375
45465,1365,1375
46953,4390,4420
46953,4390,4420
45465,1365,1370
45465,1365,1370
46953,4390,4420
46953,4390,4420
46953,4390,4420
46953,4390,4420
45465,1365,1370
45465,1365,1370
46953,4390,4430
46953,4390,4430
45465,1370,1375
45465,1370,1375
46953,4390,4430
46953,4390,4430
45465,1370,1375
45465,1370,1375
46953,4390,4430
46953,4390,4430
45465,1365,1375
45465,1365,1375
46953,4390,4430
46953,4390,4430
45465,1370,1375
46953,4400,4430
46953,4400,4430
45465,1370,1375
46953,4400,4435
46953,4400,4435
45465,1370,1375
45465,1370,1375
45465,1370,1375
45465,1370,1375
46953,4400,4445
46953,4400,4445
45465,1370,1375
45465,1370,1375
46953,4400,4445
46953,4400,4445
45465,1370,1375
45465,1370,1375
46953,4400,4445
46953,4400,4445
45465,1365,1375
45465,1365,1375
46953,4400,4430
46953,4400,4430
45465,1355,1365
45465,1355,1365
46953,4395,4430
45465,1360,1365
45465,1360,1365
46953,4390,4430
46953,4390,4430
45465,1360,1365
45465,1360,1365
46953,4390,4430
46953,4390,4430
45465,1360,1365
45465,1360,1365
46953,4400,4430
46953,4400,4430
46953,4400,4430
45465,1360,1365
45465,1360,1365
46953,4400,4430
46953,4400,4430
45465,1360,1365
45465,1360,1365
46953,4390,4430
46953,4390,4430
45465,1360,1365
45465,1360,1365
46953,4395,4430
46953,4395,4430
45465,1360,1365
45465,1360,1365
45465,1360,1365
45465,1360,1365
46953,4395,4430
46953,4395,4430
45465,1360,1365
45465,1360,1365
46953,4390,4425
46953,4390,4425
45465,1360,1365
45465,1360,1365
46953,4395,4425
46953,4395,4425
45465,1355,1360
45465,1355,1360
46953,4390,4425
46953,4390,4425
45465,1350,1360
45465,1350,1360
46953,4385,4415
46953,4385,4415
45465,1350,1360
45465,1350,1360
46953,4385,4415
46953,4385,4415
45465,1350,1360
45465,1350,1360
46953,4385,4415
46953,4385,4415
45465,1350,1360
45465,1350,1360
46953,4380,4415
45465,1350,1360
45465,1350,1360
46953,4380,4415
46953,4380,4415
45465,1345,1355
45465,1345,1355
46953,4380,4415
46953,4380,4415
46953,4380,4415
46953,4380,4415
45465,1345,1355
45465,1345,1355
46953,4380,4415
46953,4380,4415
45465,1345,1355
45465,1345,1355
46953,4380,4415
46953,4380,4415
45465,1345,1355
45465,1345,1355
45465,1345,1355
45465,1345,1355
45465,1340,1355
45465,1340,1355
46953,4380,4415
46953,4380,4415
45465,1340,1355
46953,4380,4415
45465,1340,1355
46953,4380,4415
45465,1340,1350
45465,1340,1350
46953,4380,4415
46953,4380,4415
45465,1345,1355
45465,1345,1355
46953,4395,4420
46953,4395,4420
46953,4395,4420
46953,4395,4420
45465,1345,1360
45465,1345,1360
46953,4395,4430
46953,4395,4430
45465,1355,1360
46953,4395,4420
46953,4395,4420
45465,1355,1360
45465,1355,1360
46953,4405,4425
46953,4405,4425
45465,1360,1365
45465,1360,1365
45465,1360,1365
45465,1360,1365
46953,4405,4425
46953,4405,4425
45465,1360,1365
45465,1360,1365
46953,4410,4440
46953,4410,4440
45465,1365,1370
45465,1365,1370
46953,4410,4440
46953,4410,4440
45465,1365,1370
45465,1365,1370
46953,4410,4440
46953,4410,4440
45465,1365,1370
45465,1365,1370
46953,4410,4440
46953,4410,4440
45465,1365,1370
45465,1365,1370
46953,4410,4440
46953,4410,4440
45465,1365,1370
45465,1365,1370
46953,4410,4430
45465,1365,1370
46953,4410,4430
46953,4410,4430
45465,1360,1370
45465,1360,1370
46953,4410,4430
46953,4410,4430
45465,1360,1370
45465,1360,1370
46953,4410,4430
46953,4410,4430
45465,1360,1370
45465,1360,1370
46953,4410,4430
46953,4410,4430
46953,4410,4430
46953,4410,4430
45465,1360,1370
45465,1360,1370
46953,4410,4430
46953,4410,4430
45465,1360,1370
45465,1360,1370
46953,4410,4430
46953,4410,4430
45465,1360,1370
45465,1360,1370
46953,4410,4430
46953,4410,4430
45465,1360,1370
45465,1360,1370
46953,4410,4430
46953,4410,4430
45465,1360,1370
45465,1360,1370
46953,4410,4430
46953,4410,4430
45465,1365,1370
45465,1365,1370
45465,1365,1370
46953,4425,4430
46953,4425,4430
45465,1370,1375
45465,1370,1375
46953,4420,4450
46953,4420,4450
45465,1370,1375
46953,4420,4445
46953,4420,4445
45465,1365,1375
46953,4415,4445
46953,4415,4445
45465,1365,1375
45465,1365,1375
46953,4420,4445
46953,4420,4445
45465,1365,1375
45465,1365,1375
46953,4420,4445
46953,4420,4445
45465,1345,1355
45465,1345,1355
46953,4395,4415
45465,1350,1360
45465,1350,1360
46953,4395,4415
45465,1350,1360
45465,1350,1360
46953,4395,4415
46953,4395,4415
46953,4405,4420
46953,4405,4420
45465,1355,1360
45465,1355,1360
46953,4405,4430
46953,4405,4430
45465,1355,1360
45465,1355,1360
46953,4405,4430
46953,4405,4430
45465,1355,1360
46953,4405,4430
46953,4405,4430
45465,1355,1360
45465,1355,1360
46953,4415,4445
45465,1355,1360
46953,4415,4440
46953,4415,4440
45465,1355,1360
45465,1355,1360
46953,4410,4440
46953,4410,4440
45465,1355,1360
45465,1355,1360
45465,1355,1360
45465,1355,1360
46953,4420,4445
46953,4420,4445
45465,1355,1360
45465,1355,1360
46953,4415,4445
46953,4415,4445
45465,1355,1360
45465,1355,1360
46953,4415,4445
46953,4415,4445
45465,1355,1360
45465,1355,1360
46953,4415,4445
46953,4415,4445
46953,4420,4445
46953,4420,4445
45465,1360,1370
46953,4420,4445
46953,4420,4445
45465,1360,1370
45465,1360,1370
46953,4410,4445
45465,1360,1370
45465,1360,1370
46953,4415,4445
46953,4415,4445
45465,1355,1370
45465,1355,1370
46953,4400,4430
46953,4400,4430
45465,1355,1365
46953,4400,4430
45465,1355,1365
46953,4410,4430
46953,4410,4430
45465,1360,1370
45465,1360,1370
46953,4405,4430
46953,4405,4430
45465,1360,1370
45465,1360,1370
46953,4405,4430
46953,4405,4430
45465,1360,1370
45465,1360,1370
46953,4405,4430
46953,4405,4430
46953,4405,4430
45465,1360,1370
45465,1360,1370
46953,4405,4430
46953,4405,4430
45465,1360,1370
46953,4405,4430
46953,4405,4430
45465,1360,1370
45465,1360,1370
46953,4405,4430
46953,4405,4430
45465,1360,1370
45465,1360,1370
46953,4405,4430
46953,4405,4430
45465,1360,1370
45465,1360,1370
45465,1360,1365
45465,1360,1365
46953,4405,4430
46953,4405,4430
45465,1360,1365
45465,1360,1365
46953,4405,4430
45465,1360,1365
45465,1360,1365
46953,4410,4430
46953,4410,4430
45465,1360,1370
45465,1360,1370
46953,4415,4435
46953,4415,4435
45465,1360,1365
45465,1360,1365
46953,4410,4430
46953,4410,4430
45465,1355,1370
46953,4410,4430
46953,4410,4430
45465,1360,1370
45465,1360,1370
46953,4415,4435
46953,4415,4435
45465,1360,1370
45465,1360,1370
46953,4430,4445
46953,4430,4445
45465,1360,1370
45465,1360,1370
46953,4430,4445
45465,1360,1370
45465,1360,1370
46953,4430,4445
46953,4430,4445
45465,1365,1370
45465,1365,1370
46953,4445,4450
46953,4445,4450
45465,1365,1370
45465,1365,1370
46953,4445,4450
46953,4445,4450
45465,1365,1370
45465,1365,1370
46953,4445,4450
46953,4445,4450
45465,1365,1370
45465,1365,1370
45465,1365,1370
46953,4430,4450
45465,1365,1370
46953,4430,4450
45465,1365,1370
45465,1365,1370
46953,4430,4450
46953,4430,4450
46953,4430,4450
46953,4430,4450
45465,1365,1370
45465,1365,1370
45465,1370,1375
45465,1370,1375
46953,4430,4450
46953,4430,4450
45465,1365,1375
45465,1365,1375
46953,4430,4450
46953,4430,4450
45465,1360,1370
45465,1360,1370
46953,4430,4450
46953,4430,4450
46953,4430,4450
46953,4430,4450
45465,1360,1370
45465,1360,1370
46953,4430,4450
46953,4430,4450
45465,1360,1370
45465,1360,1370
46953,4430,4450
46953,4430,4450
45465,1360,1370
45465,1360,1370
46953,4430,4450
46953,4430,4450
45465,1360,1370
46953,4450,4455
46953,4450,4455
45465,1360,1370
45465,1360,1370
46953,4450,4455
46953,4450,4455
45465,1360,1370
45465,1360,1370
46953,4450,4455
46953,4450,4455
45465,1360,1370
46953,4430,4445
46953,4430,4445
45465,1355,1370
45465,1355,1370
46953,4430,4445
46953,4430,4445
45465,1355,1370
45465,1355,1370
46953,4430,4445
46953,4430,4445
45465,1355,1370
45465,1355,1370
46953,4430,4445
46953,4430,4450
45465,1355,1370
45465,1355,1370
46953,4430,4450
46953,4430,4450
45465,1355,1365
45465,1355,1365
46953,4430,4450
46953,4430,4450
45465,1355,1370
45465,1355,1370
46953,4430,4450
46953,4430,4450
45465,1355,1370
46953,4430,4450
45465,1355,1370
46953,4430,4450
45465,1355,1370
45465,1355,1370
46953,4430,4450
46953,4430,4450
45465,1355,1370
45465,1355,1370
45465,1355,1365
45465,1355,1365
45465,1355,1365
45465,1355,1365
46953,4430,4450
46953,4430,4450
45465,1355,1365
46953,4430,4450
45465,1355,1365
46953,4430,4450
45465,1355,1365
46953,4430,4450
45465,1355,1365
46953,4430,4450
45465,1355,1365
45465,1355,1365
46953,4430,4450
46953,4430,4450
46953,4430,4450
45465,1355,1365
46953,4430,4450
45465,1355,1365
45465,1355,1365
45465,1355,1365
45465,1355,1360
45465,1355,1360
46953,4430,4435
45465,1350,1355
45465,1350,1355
46953,4430,4435
46953,4430,4435
45465,1350,1355
45465,1350,1355
46953,4430,4435
46953,4430,4435
46953,4430,4435
45465,1350,1355
45465,1350,1355
46953,4405,4425
46953,4405,4425
45465,1340,1350
46953,4390,4415
46953,4390,4415
45465,1340,1350
45465,1340,1350
45465,1340,1350
46953,4390,4415
46953,4390,4415
45465,1340,1350
45465,1340,1350
46953,4390,4415
46953,4390,4415
45465,1345,1355
45465,1345,1355
46953,4395,4430
46953,4395,4430
45465,1355,1365
45465,1355,1365
46953,4410,4445
46953,4410,4445
45465,1355,1360
45465,1355,1360
46953,4410,4445
45465,1355,1360
45465,1355,1360
46953,4410,4445
45465,1350,1360
45465,1350,1360
46953,4405,4445
46953,4405,4445
45465,1350,1360
45465,1350,1360
46953,4410,4445
46953,4410,4445
45465,1350,1360
45465,1350,1360
46953,4410,4445
46953,4410,4445
45465,1350,1360
45465,1350,1360
46953,4425,4445
45465,1350,1360
45465,1350,1360
46953,4430,4445
46953,4430,4445
46953,4430,4445
46953,4430,4445
46953,4430,4445
46953,4430,4445
45465,1350,1360
45465,1350,1360
46953,4425,4445
46953,4425,4445
45465,1345,1355
46953,4425,4445
46953,4425,4445
45465,1345,1355
46953,4425,4450
46953,4425,4450
45465,1340,1355
45465,1340,1355
45465,1340,1355
45465,1340,1355
46953,4425,4450
46953,4425,4450
45465,1340,1355
45465,1340,1355
46953,4425,4450
46953,4425,4450
46953,4425,4450
45465,1340,1355
45465,1340,1355
46953,4425,4450
46953,4425,4450
45465,1340,1355
45465,1340,1355
46953,4430,4450
46953,4430,4450
45465,1340,1355
45465,1340,1355
46953,4430,4455
45465,1340,1355
45465,1340,1355
46953,4430,4455
46953,4430,4455
45465,1340,1355
45465,1340,1355
45465,1350,1355
45465,1350,1355
46953,4430,4450
46953,4430,4450
45465,1350,1360
45465,1350,1360
46953,4430,4450
46953,4430,4450
45465,1350,1360
45465,1350,1360
46953,4425,4450
46953,4425,4450
45465,1350,1360
45465,1350,1360
46953,4425,4450
45465,1350,1360
46953,4425,4450
45465,1350,1360
46953,4425,4465
46953,4425,4465
45465,1350,1360
45465,1350,1360
46953,4425,4445
46953,4425,4445
45465,1345,1355
46953,4410,4445
45465,1345,1355
45465,1345,1355
46953,4410,4450
46953,4410,4450
46953,4410,4450
46953,4410,4450
45465,1350,1360
45465,1350,1360
46953,4425,4465
46953,4425,4465
45465,1345,1355
45465,1345,1355
45465,1345,1355
46953,4425,4465
45465,1345,1355
46953,4425,4465
